experiment                           correla  top1     top2     top3     top5     top10    top20    top all
E141214_12_Orbi2_AB_DE_190_VI51_J3   -0.1489  00.2997  00.2770  00.2642  00.2521  00.2430  00.2333  00.2079
E151023_09_Lumos_CS_AB_IN_190_ETD_HSA_SDA_2  00.0021  00.1773  00.1749  00.1756  00.1733  00.1716  00.1711  00.1683
Belsom_Rappsilber_SerumHSA_83        -0.1539  00.3112  00.2856  00.2737  00.2626  00.2532  00.2428  00.1958
Belsom_Rappsilber_SerumHSA_82        -0.1807  00.2923  00.2730  00.2635  00.2558  00.2484  00.2407  00.2121
Belsom_Rappsilber_SerumHSA_84        -0.1816  00.3125  00.2895  00.2814  00.2675  00.2559  00.2420  00.1992
E141126_07_Orbi2_AB_DE_190_VI51_E2   -0.1172  00.2667  00.2407  00.2331  00.2251  00.2147  00.2042  00.1760
E151023_03_Lumos_CS_AB_IN_190_CID_HSA_SDA_2  -0.0210  00.2043  00.1983  00.1965  00.1935  00.1896  00.1843  00.1733
Belsom_Rappsilber_SerumHSA_85        -0.1328  00.3041  00.2870  00.2758  00.2650  00.2547  00.2428  00.2014
E151023_13_Lumos_CS_AB_IN_190_ETDCID_HSA_SDA_3  00.0089  00.1740  00.1740  00.1732  00.1722  00.1726  00.1735  00.1711
Belsom_Rappsilber_SerumHSA_86        -0.1310  00.3175  00.2922  00.2849  00.2693  00.2601  00.2495  00.1978
E150113_02_Orbi2_AB_DE_190_VI51_B3   -0.1318  00.2837  00.2640  00.2540  00.2426  00.2333  00.2215  00.1951
Belsom_Rappsilber_SerumHSA_87        -0.1712  00.3195  00.2986  00.2880  00.2794  00.2733  00.2607  00.2101
E141126_08_Orbi2_AB_DE_190_VI51_F2   -0.1112  00.2667  00.2445  00.2351  00.2268  00.2171  00.2092  00.1866
E150211_06_Orbi2_AB_DE_190_VI51_E1   -0.1301  00.2872  00.2593  00.2480  00.2390  00.2290  00.2153  00.1920
Belsom_Rappsilber_PurHSA_38          -0.1782  00.3267  00.3044  00.2891  00.2748  00.2551  00.2424  00.2079
Belsom_Rappsilber_PurHSA_39          -0.1785  00.3339  00.3090  00.2953  00.2763  00.2543  00.2345  00.1995
Belsom_Rappsilber_SerumHSA_76        -0.1755  00.2968  00.2810  00.2725  00.2606  00.2545  00.2488  00.2190
E150207_14_Orbi2_AB_DE_190_VI51_L2   -0.1269  00.2884  00.2607  00.2534  00.2417  00.2282  00.2169  00.1900
Belsom_Rappsilber_PurHSA_32          -0.1855  00.3259  00.3078  00.2939  00.2792  00.2582  00.2500  00.2131
Belsom_Rappsilber_PurHSA_33          -0.1532  00.3116  00.2912  00.2782  00.2657  00.2486  00.2313  00.1909
Belsom_Rappsilber_PurHSA_30          -0.2278  00.3432  00.3225  00.3139  00.3012  00.2827  00.2614  00.2132
Belsom_Rappsilber_PurHSA_31          -0.1829  00.3287  00.2991  00.2868  00.2752  00.2566  00.2392  00.2010
Belsom_Rappsilber_PurHSA_36          -0.1365  00.2949  00.2866  00.2799  00.2715  00.2516  00.2355  00.1997
Belsom_Rappsilber_PurHSA_37          -0.2111  00.3680  00.3368  00.3172  00.3039  00.2811  00.2665  00.2149
Belsom_Rappsilber_PurHSA_34          -0.1595  00.3194  00.3066  00.2942  00.2835  00.2656  00.2460  00.2002
Belsom_Rappsilber_PurHSA_35          -0.1324  00.2914  00.2781  00.2735  00.2667  00.2541  00.2427  00.2007
Belsom_Rappsilber_SerumHSA_28        -0.1488  00.2693  00.2509  00.2404  00.2325  00.2254  00.2219  00.1952
Belsom_Rappsilber_SerumHSA_29        -0.1986  00.3083  00.2882  00.2778  00.2642  00.2528  00.2448  00.2042
E141214_17_Orbi2_AB_DE_190_VI51_M3   -0.1302  00.2755  00.2558  00.2469  00.2362  00.2246  00.2160  00.1949
E150113_17_Orbi2_AB_DE_190_VI51_O3   -0.1127  00.2592  00.2379  00.2294  00.2218  00.2107  00.2033  00.1813
Belsom_Rappsilber_SerumHSA_22        -0.1530  00.3077  00.2845  00.2745  00.2607  00.2438  00.2318  00.2001
Belsom_Rappsilber_SerumHSA_23        -0.1446  00.2869  00.2697  00.2611  00.2540  00.2425  00.2307  00.1972
Belsom_Rappsilber_SerumHSA_20        -0.1737  00.2903  00.2717  00.2601  00.2518  00.2398  00.2249  00.1990
Belsom_Rappsilber_SerumHSA_21        -0.1653  00.2879  00.2743  00.2675  00.2574  00.2426  00.2312  00.1981
Belsom_Rappsilber_SerumHSA_26        -0.1805  00.2920  00.2724  00.2609  00.2510  00.2390  00.2291  00.1986
Belsom_Rappsilber_SerumHSA_27        -0.1757  00.2781  00.2642  00.2554  00.2453  00.2363  00.2275  00.1906
Belsom_Rappsilber_SerumHSA_24        -0.1721  00.2677  00.2553  00.2489  00.2429  00.2348  00.2272  00.1981
Belsom_Rappsilber_SerumHSA_25        -0.1711  00.2984  00.2821  00.2722  00.2602  00.2470  00.2320  00.1976
E150207_08_Orbi2_AB_DE_190_VI51_H2   -0.1165  00.2685  00.2453  00.2340  00.2246  00.2164  00.2113  00.1856
E141214_13_Orbi2_AB_DE_190_VI51_K3   -0.1741  00.2986  00.2723  00.2613  00.2484  00.2408  00.2329  00.2054
E141118_02_Orbi2_AB_DE_190_VI51_A1   -0.1890  00.2929  00.2727  00.2667  00.2597  00.2491  00.2422  00.2228
Belsom_Rappsilber_SerumHSA_52        -0.2089  00.2979  00.2821  00.2732  00.2653  00.2575  00.2490  00.2165
E150207_06_Orbi2_AB_DE_190_VI51_F2   -0.0879  00.2747  00.2490  00.2396  00.2310  00.2218  00.2113  00.1869
E141118_15_Orbi2_AB_DE_190_VI51_L1   -0.1164  00.2712  00.2502  00.2395  00.2299  00.2184  00.2087  00.1938
E141118_04_Orbi2_AB_DE_190_VI51_C1   -0.2116  00.3086  00.2848  00.2719  00.2625  00.2513  00.2427  00.2147
E141118_12_Orbi2_AB_DE_190_VI51_I1   -0.1166  00.2831  00.2622  00.2527  00.2424  00.2289  00.2185  00.1930
E150207_05_Orbi2_AB_DE_190_VI51_E2   -0.1103  00.2735  00.2527  00.2400  00.2296  00.2167  00.2054  00.1815
Belsom_Rappsilber_SerumHSA_96        -0.1629  00.2819  00.2610  00.2504  00.2403  00.2294  00.2205  00.1957
E141118_19_Orbi2_AB_DE_190_VI51_P1   -0.1071  00.2669  00.2409  00.2301  00.2224  00.2148  00.2092  00.1889
E141126_16_Orbi2_AB_DE_190_VI51_L1   -0.1263  00.2883  00.2592  00.2463  00.2354  00.2211  00.2123  00.1869
E151023_14_Lumos_CS_AB_IN_190_CIDHCD_HSA_SDA_1  -0.0115  00.1927  00.1874  00.1839  00.1821  00.1786  00.1759  00.1710
E151023_16_Lumos_CS_AB_IN_190_CIDHCD_HSA_SDA_3  -0.0103  00.1876  00.1838  00.1829  00.1808  00.1803  00.1789  00.1747
Belsom_Rappsilber_SerumHSA_97        -0.1585  00.2769  00.2577  00.2458  00.2375  00.2277  00.2204  00.1941
Belsom_Rappsilber_SerumHSA_54        -0.1798  00.2871  00.2630  00.2547  00.2472  00.2422  00.2345  00.2187
Belsom_Rappsilber_SerumHSA_99        -0.1644  00.2906  00.2739  00.2636  00.2532  00.2393  00.2335  00.2052
Belsom_Rappsilber_PurHSA_49          -0.1895  00.3123  00.2871  00.2741  00.2580  00.2416  00.2292  00.1977
Belsom_Rappsilber_PurHSA_48          -0.1756  00.2973  00.2808  00.2718  00.2634  00.2507  00.2420  00.2196
Belsom_Rappsilber_PurHSA_47          -0.2019  00.3056  00.2851  00.2746  00.2631  00.2515  00.2413  00.2134
Belsom_Rappsilber_PurHSA_46          -0.1853  00.3048  00.2812  00.2725  00.2590  00.2438  00.2305  00.2026
Belsom_Rappsilber_PurHSA_45          -0.2066  00.3234  00.2988  00.2858  00.2720  00.2518  00.2363  00.2012
Belsom_Rappsilber_PurHSA_44          -0.1995  00.3262  00.3000  00.2849  00.2683  00.2527  00.2406  00.2064
Belsom_Rappsilber_PurHSA_43          -0.2060  00.3621  00.3304  00.3129  00.2949  00.2766  00.2606  00.2156
Belsom_Rappsilber_PurHSA_42          -0.1976  00.3232  00.3012  00.2897  00.2744  00.2528  00.2358  00.2007
Belsom_Rappsilber_PurHSA_41          -0.1950  00.3295  00.3078  00.2941  00.2788  00.2590  00.2408  00.1986
Belsom_Rappsilber_PurHSA_40          -0.1860  00.3645  00.3279  00.3117  00.2920  00.2626  00.2371  00.2121
Belsom_Rappsilber_SerumHSA_17        -0.1604  00.2847  00.2679  00.2584  00.2517  00.2394  00.2272  00.1941
Belsom_Rappsilber_SerumHSA_16        -0.1620  00.2951  00.2767  00.2708  00.2610  00.2473  00.2397  00.2072
Belsom_Rappsilber_SerumHSA_15        -0.1650  00.2851  00.2679  00.2597  00.2523  00.2412  00.2305  00.2058
Belsom_Rappsilber_SerumHSA_14        -0.1640  00.2737  00.2572  00.2485  00.2421  00.2341  00.2308  00.2028
Belsom_Rappsilber_SerumHSA_13        -0.1831  00.2755  00.2553  00.2530  00.2459  00.2352  00.2286  00.1986
Belsom_Rappsilber_SerumHSA_12        -0.1775  00.2893  00.2718  00.2632  00.2518  00.2410  00.2306  00.1898
Belsom_Rappsilber_SerumHSA_11        -0.1763  00.2895  00.2719  00.2625  00.2556  00.2460  00.2377  00.2052
Belsom_Rappsilber_SerumHSA_10        -0.1225  00.2674  00.2563  00.2539  00.2497  00.2431  00.2358  00.2051
E151023_15_Lumos_CS_AB_IN_190_CIDHCD_HSA_SDA_2  -0.0006  00.1914  00.1857  00.1824  00.1804  00.1781  00.1768  00.1729
Belsom_Rappsilber_SerumHSA_95        -0.1915  00.2923  00.2745  00.2635  00.2546  00.2446  00.2333  00.2094
Belsom_Rappsilber_SerumHSA_19        -0.1706  00.2785  00.2644  00.2580  00.2509  00.2424  00.2300  00.1976
Belsom_Rappsilber_SerumHSA_18        -0.1718  00.2993  00.2835  00.2743  00.2644  00.2491  00.2360  00.1992
E150211_15_Orbi2_AB_DE_190_VI51_L1   -0.1333  00.2892  00.2636  00.2502  00.2357  00.2203  00.2089  00.1874
Belsom_Rappsilber_SerumHSA_94        -0.1835  00.2867  00.2643  00.2549  00.2472  00.2420  00.2383  00.2177
E141126_14_Orbi2_AB_DE_190_VI51_J1   -0.1157  00.3021  00.2763  00.2632  00.2483  00.2371  00.2233  00.1901
Belsom_Rappsilber_SerumHSA_60        -0.1569  00.3076  00.2837  00.2717  00.2627  00.2547  00.2508  00.2155
E141118_03_Orbi2_AB_DE_190_VI51_B1   -0.1836  00.2923  00.2782  00.2690  00.2603  00.2542  00.2438  00.2297
E151023_08_Lumos_CS_AB_IN_190_ETD_HSA_SDA_1  00.0047  00.1807  00.1778  00.1751  00.1731  00.1720  00.1729  00.1712
Belsom_Rappsilber_SerumHSA_93        -0.1633  00.3457  00.3291  00.3161  00.3015  00.2825  00.2646  00.2148
E150113_08_Orbi2_AB_DE_190_VI51_H3   -0.0850  00.2483  00.2276  00.2190  00.2122  00.2052  00.2003  00.1784
Belsom_Rappsilber_SerumHSA_112       -0.1124  00.3349  00.3096  00.2925  00.2781  00.2588  00.2557  00.2031
E150113_16_Orbi2_AB_DE_190_VI51_N3   -0.1180  00.2672  00.2457  00.2370  00.2262  00.2166  00.2029  00.1745
Belsom_Rappsilber_SerumHSA_92        -0.1425  00.3088  00.2935  00.2858  00.2733  00.2572  00.2519  00.2171
E150113_13_Orbi2_AB_DE_190_VI51_K3   -0.1298  00.2738  00.2534  00.2410  00.2313  00.2222  00.2116  00.1809
E141118_13_Orbi2_AB_DE_190_VI51_J1   -0.1206  00.2790  00.2600  00.2503  00.2422  00.2278  00.2151  00.1961
E150113_07_Orbi2_AB_DE_190_VI51_G3   -0.0836  00.2533  00.2334  00.2250  00.2148  00.2070  00.1970  00.1826
