number of experiments used and correct matches acquired by them
  1  605
  2 2409
  3 2865
  4 3204
  5 4244
  6 4597
  7 4813
  8 5064
  9 5309
 10 5436
 11 5624
 12 7586
 13 7707
 14 7850
 15 8073
 16 8179
 17 8318
 18 8420
 19 8489
 20 8556
 21 8676
 22 8737
 23 8857
 24 8958
 25 8967
 26 9040
 27 9096
 28 9183
 29 9256
 30 9316
 31 9415
 32 9512
 33 9558
 34 9618
 35 9658
 36 9707
 37 9749
 38 9804
 39 9829
 40 9866
 41 9966
 42 10065
 43 10103
 44 10460
 45 10492
 46 10585
 47 10621
 48 10639
 49 10677
 50 10728
 51 10780
 52 10879
 53 10914
 54 11016
 55 11053
 56 11075
 57 11137
 58 11194
 59 11252
 60 11312
 61 11400
 62 11461
 63 11497
 64 11509
 65 11553
 66 11581
 67 11591
 68 11620
 69 11663
 70 11684
 71 11721
 72 11750
 73 11765
 74 11789
 75 11815
 76 11877
 77 11920
 78 11932
 79 11959
 80 11999
 81 12032
 82 12291
 83 12483
 84 12489
 85 12527
 86 12562
 87 12604
 88 12614
 89 12689
 90 12706
 91 12929
 92 12969
 93 12985
 94 13530
 95 13540
 96 13550
 97 13567
 98 13590
 99 13620
100 13652
101 13676
102 13702
103 13726
104 13735
105 13745
106 13751
107 13756
108 13763
109 13793
110 13815
111 13840
112 13866
113 13889
114 13908
115 13927
116 13949
117 13966
118 13979
119 14034
120 14094
121 14109
122 14252
123 14256
124 14260
125 14283
126 14292
127 14303
128 14331
129 14576
130 14586
131 14627
132 14638
133 14661
134 14689
135 14710
136 14727
137 14758
138 14771
139 14775
140 14784
141 14790
142 14800
143 14813
144 14829
145 14834
146 14843
147 14858
148 14886
149 14926
150 14943
151 14943
152 14971
153 14973
154 14996
155 15010
156 15031
157 15045
158 15083
159 15100
160 15112
161 15123
162 15138
163 15157
164 15173
165 15183
166 15215
167 15222
168 15237
169 15248
170 15263
171 15397
172 15420
173 15444
174 15450
175 15474
176 15479
177 15494
178 15510
179 15520
180 15528
181 15553
182 15564
183 15598
184 15602
185 15616
186 15621
187 15632
188 15652
189 15663
190 15683
191 15697
192 15720
193 15728
194 15747
195 15754
196 15771
197 15791
198 15805
199 15814
200 15822
201 15830
202 15844
203 15866
204 15882
205 15895
206 15913
207 15925
208 15932
209 15948
210 15954
211 16144
212 16154
213 16168
214 16185
215 16186
216 16192
217 16198
218 16203
219 16210
220 16219
221 16231
222 16256
223 16266
224 16266
225 16279
226 16302
227 16306
228 16319
229 16332
230 16362
231 16367
232 16375
233 16384
234 16389
235 16400
236 16415
237 16422
238 16427
239 16435
240 16444
241 16461
242 16472
243 16476
244 16489
245 16489
246 16494
247 16506
248 16514
249 16516
250 16528
251 16540
252 16548
253 16672
254 16691
255 16699
256 16704
257 16717
258 16725
259 16732
260 16742
261 16750
262 16759
263 16770
264 16780
265 16792
266 16801
267 16815
268 16820
269 16831
270 16835
271 17089
272 17105
273 17110
274 17113
275 17124
276 17129
277 17135
278 17144
279 17147
280 17152
281 17153
282 17157
283 17160
284 17166
285 17174
286 17189
287 17194
288 17212
289 17218
290 17226
291 17229
292 17246
293 17252
294 17260
295 17268
296 17274
297 17287
298 17349
299 17352
300 17359
301 17374
302 17378
303 17403
304 17418
305 17424
306 17438
307 17442
308 17443
309 17450
310 17454
311 17459
312 17460
313 17462
314 17471
315 17476
316 17480
317 17491
318 17494
319 17505
