number of experiments used and correct matches acquired by them
  1  210
  2  915
  3 1133
  4 1300
  5 1774
  6 1963
  7 2084
  8 2222
  9 2359
 10 2435
 11 2545
 12 3554
 13 3641
 14 3753
 15 3907
 16 3981
 17 4089
 18 4166
 19 4213
 20 4280
 21 4373
 22 4423
 23 4514
 24 4590
 25 4598
 26 4641
 27 4693
 28 4765
 29 4831
 30 4873
 31 4939
 32 5005
 33 5040
 34 5076
 35 5111
 36 5144
 37 5187
 38 5233
 39 5254
 40 5288
 41 5354
 42 5424
 43 5474
 44 5697
 45 5732
 46 5803
 47 5842
 48 5876
 49 5905
 50 5947
 51 5988
 52 6071
 53 6096
 54 6184
 55 6210
 56 6236
 57 6280
 58 6318
 59 6363
 60 6407
 61 6465
 62 6508
 63 6537
 64 6549
 65 6590
 66 6610
 67 6627
 68 6656
 69 6684
 70 6709
 71 6742
 72 6765
 73 6786
 74 6798
 75 6825
 76 6868
 77 6908
 78 6925
 79 6947
 80 6994
 81 7027
 82 7230
 83 7405
 84 7415
 85 7452
 86 7492
 87 7529
 88 7536
 89 7585
 90 7597
 91 7786
 92 7819
 93 7834
 94 8262
 95 8272
 96 8282
 97 8307
 98 8337
 99 8380
100 8425
101 8456
102 8486
103 8507
104 8514
105 8522
106 8530
107 8537
108 8541
109 8575
110 8600
111 8622
112 8641
113 8652
114 8676
115 8691
116 8717
117 8736
118 8745
119 8777
120 8828
121 8843
122 8959
123 8969
124 8972
125 8995
126 9014
127 9028
128 9059
129 9244
130 9251
131 9293
132 9301
133 9332
134 9353
135 9377
136 9388
137 9422
138 9440
139 9447
140 9459
141 9469
142 9484
143 9492
144 9509
145 9516
146 9522
147 9538
148 9559
149 9603
150 9622
151 9626
152 9654
153 9662
154 9683
155 9692
156 9720
157 9732
158 9756
159 9773
160 9784
161 9797
162 9822
163 9835
164 9854
165 9861
166 9894
167 9902
168 9917
169 9933
170 9951
171 10088
172 10112
173 10136
174 10147
175 10167
176 10168
177 10176
178 10190
179 10204
180 10219
181 10240
182 10254
183 10291
184 10297
185 10312
186 10318
187 10331
188 10348
189 10365
190 10378
191 10392
192 10425
193 10434
194 10447
195 10452
196 10470
197 10478
198 10501
199 10512
200 10522
201 10536
202 10554
203 10576
204 10597
205 10609
206 10618
207 10632
208 10636
209 10649
210 10665
211 10809
212 10826
213 10838
214 10851
215 10858
216 10868
217 10877
218 10880
219 10886
220 10898
221 10909
222 10940
223 10951
224 10963
225 10969
226 10995
227 11003
228 11020
229 11037
230 11063
231 11072
232 11084
233 11092
234 11103
235 11116
236 11131
237 11135
238 11141
239 11150
240 11160
241 11183
242 11200
243 11210
244 11219
245 11221
246 11225
247 11235
248 11246
249 11248
250 11263
251 11284
252 11292
253 11417
254 11430
255 11442
256 11451
257 11467
258 11476
259 11483
260 11498
261 11503
262 11511
263 11523
264 11544
265 11557
266 11571
267 11591
268 11603
269 11616
270 11618
271 11831
272 11857
273 11861
274 11864
275 11872
276 11878
277 11881
278 11890
279 11896
280 11901
281 11906
282 11913
283 11917
284 11923
285 11932
286 11945
287 11948
288 11963
289 11973
290 11979
291 11986
292 12008
293 12022
294 12031
295 12042
296 12051
297 12063
298 12129
299 12134
300 12145
301 12159
302 12170
303 12197
304 12216
305 12229
306 12248
307 12249
308 12253
309 12267
310 12271
311 12281
312 12284
313 12285
314 12294
315 12302
316 12304
317 12316
318 12318
319 12324
