number of experiments used and correct matches acquired by them
  1 2874
  2 9505
  3 10658
  4 11419
  5 13662
  6 14226
  7 14734
  8 15254
  9 15618
 10 15688
 11 15955
 12 21640
 13 21697
 14 21716
 15 21759
 16 21780
 17 21814
 18 21847
 19 21876
 20 21889
 21 21927
 22 21937
 23 21959
 24 21983
 25 21984
 26 22000
 27 22012
 28 22025
 29 22041
 30 22046
 31 22057
 32 22085
 33 22094
 34 22102
 35 22106
 36 22112
 37 22124
 38 22140
 39 22143
 40 22152
 41 22194
 42 22213
 43 22216
 44 22272
 45 22275
 46 22297
 47 22300
 48 22302
 49 22306
 50 22326
 51 22335
 52 22357
 53 22364
 54 22391
 55 22393
 56 22396
 57 22402
 58 22410
 59 22414
 60 22424
 61 22438
 62 22455
 63 22462
 64 22463
 65 22471
 66 22475
 67 22476
 68 22484
 69 22492
 70 22499
 71 22504
 72 22506
 73 22512
 74 22520
 75 22526
 76 22541
 77 22547
 78 22548
 79 22557
 80 22565
 81 22572
 82 22666
 83 22700
 84 22701
 85 22709
 86 22709
 87 22720
 88 22723
 89 22736
 90 22739
 91 22825
 92 22847
 93 22851
 94 23293
 95 23294
 96 23297
 97 23298
 98 23303
 99 23307
100 23312
101 23317
102 23318
103 23319
104 23320
105 23320
106 23321
107 23321
108 23321
109 23322
110 23324
111 23325
112 23326
113 23329
114 23332
115 23333
116 23334
117 23334
118 23336
119 23344
120 23349
121 23351
122 23368
123 23368
124 23368
125 23372
126 23372
127 23373
128 23373
129 23436
130 23436
131 23440
132 23441
133 23449
134 23452
135 23455
136 23455
137 23461
138 23462
139 23462
140 23462
141 23465
142 23465
143 23465
144 23465
145 23465
146 23465
147 23472
148 23477
149 23485
150 23485
151 23485
152 23489
153 23489
154 23494
155 23494
156 23495
157 23497
158 23501
159 23501
160 23503
161 23503
162 23504
163 23504
164 23507
165 23507
166 23512
167 23513
168 23513
169 23513
170 23513
171 23527
172 23529
173 23532
174 23533
175 23534
176 23535
177 23535
178 23539
179 23539
180 23539
181 23539
182 23539
183 23542
184 23542
185 23542
186 23543
187 23546
188 23547
189 23551
190 23551
191 23552
192 23556
193 23556
194 23557
195 23558
196 23560
197 23562
198 23563
199 23565
200 23566
201 23566
202 23568
203 23569
204 23573
205 23573
206 23573
207 23574
208 23575
209 23576
210 23576
211 23617
212 23619
213 23622
214 23623
215 23623
216 23623
217 23624
218 23624
219 23624
220 23624
221 23624
222 23628
223 23628
224 23628
225 23629
226 23633
227 23633
228 23635
229 23635
230 23637
231 23638
232 23639
233 23640
234 23641
235 23641
236 23643
237 23644
238 23644
239 23645
240 23645
241 23646
242 23647
243 23648
244 23649
245 23649
246 23650
247 23650
248 23651
249 23651
250 23653
251 23654
252 23655
253 23685
254 23686
255 23686
256 23686
257 23686
258 23689
259 23689
260 23690
261 23690
262 23690
263 23692
264 23694
265 23695
266 23695
267 23700
268 23700
269 23701
270 23701
271 23827
272 23829
273 23829
274 23829
275 23830
276 23830
277 23832
278 23833
279 23833
280 23833
281 23833
282 23833
283 23833
284 23834
285 23834
286 23837
287 23837
288 23840
289 23840
290 23840
291 23840
292 23844
293 23846
294 23846
295 23846
296 23848
297 23849
298 23852
299 23852
300 23852
301 23852
302 23853
303 23855
304 23857
305 23858
306 23859
307 23859
308 23859
309 23859
310 23859
311 23859
312 23859
313 23859
314 23862
315 23862
316 23862
317 23862
318 23862
319 23862
